(tensor([[0, 0, 0, 0, 0, 0, 0],
        [0, 0, 0, 0, 0, 0, 0],
        [0, 0, 0, 0, 0, 0, 0],
        [0, 0, 0, 0, 0, 0, 0],
        [0, 0, 0, 0, 0, 0, 0],
        [0, 0, 0, 0, 0, 0, 0]], dtype=torch.int8), [1.0, 0.0, 0.0, 0.0, 0.0, 0.0, 0.0], -1)

(tensor([[0, 0, 0, 0, 0, 0, 0],
        [0, 0, 0, 0, 0, 0, 0],
        [0, 0, 0, 0, 0, 0, 0],
        [0, 0, 0, 0, 0, 0, 0],
        [0, 0, 0, 0, 0, 0, 0],
        [1, 0, 0, 0, 0, 0, 0]], dtype=torch.int8), [1.0, 0.0, 0.0, 0.0, 0.0, 0.0, 0.0], 1)

(tensor([[ 0,  0,  0,  0,  0,  0,  0],
        [ 0,  0,  0,  0,  0,  0,  0],
        [ 0,  0,  0,  0,  0,  0,  0],
        [ 0,  0,  0,  0,  0,  0,  0],
        [-1,  0,  0,  0,  0,  0,  0],
        [ 1,  0,  0,  0,  0,  0,  0]], dtype=torch.int8), [1.0, 0.0, 0.0, 0.0, 0.0, 0.0, 0.0], -1)

(tensor([[ 0,  0,  0,  0,  0,  0,  0],
        [ 0,  0,  0,  0,  0,  0,  0],
        [ 0,  0,  0,  0,  0,  0,  0],
        [ 1,  0,  0,  0,  0,  0,  0],
        [-1,  0,  0,  0,  0,  0,  0],
        [ 1,  0,  0,  0,  0,  0,  0]], dtype=torch.int8), [1.0, 0.0, 0.0, 0.0, 0.0, 0.0, 0.0], 1)

(tensor([[ 0,  0,  0,  0,  0,  0,  0],
        [ 0,  0,  0,  0,  0,  0,  0],
        [-1,  0,  0,  0,  0,  0,  0],
        [ 1,  0,  0,  0,  0,  0,  0],
        [-1,  0,  0,  0,  0,  0,  0],
        [ 1,  0,  0,  0,  0,  0,  0]], dtype=torch.int8), [1.0, 0.0, 0.0, 0.0, 0.0, 0.0, 0.0], -1)

(tensor([[ 0,  0,  0,  0,  0,  0,  0],
        [ 1,  0,  0,  0,  0,  0,  0],
        [-1,  0,  0,  0,  0,  0,  0],
        [ 1,  0,  0,  0,  0,  0,  0],
        [-1,  0,  0,  0,  0,  0,  0],
        [ 1,  0,  0,  0,  0,  0,  0]], dtype=torch.int8), [1.0, 0.0, 0.0, 0.0, 0.0, 0.0, 0.0], 1)

(tensor([[-1,  0,  0,  0,  0,  0,  0],
        [ 1,  0,  0,  0,  0,  0,  0],
        [-1,  0,  0,  0,  0,  0,  0],
        [ 1,  0,  0,  0,  0,  0,  0],
        [-1,  0,  0,  0,  0,  0,  0],
        [ 1,  0,  0,  0,  0,  0,  0]], dtype=torch.int8), [0.0, 0.16909620991253643, 0.16909620991253643, 0.16909620991253643, 0.1661807580174927, 0.16326530612244897, 0.16326530612244897], -1)

(tensor([[-1,  0,  0,  0,  0,  0,  0],
        [ 1,  0,  0,  0,  0,  0,  0],
        [-1,  0,  0,  0,  0,  0,  0],
        [ 1,  0,  0,  0,  0,  0,  0],
        [-1,  0,  0,  0,  0,  0,  0],
        [ 1,  0,  0,  0,  1,  0,  0]], dtype=torch.int8), [0.0, 0.16981132075471697, 0.16981132075471697, 0.16981132075471697, 0.16981132075471697, 0.16981132075471697, 0.1509433962264151], 1)

(tensor([[-1,  0,  0,  0,  0,  0,  0],
        [ 1,  0,  0,  0,  0,  0,  0],
        [-1,  0,  0,  0,  0,  0,  0],
        [ 1,  0,  0,  0,  0,  0,  0],
        [-1,  0,  0,  0,  0,  0,  0],
        [ 1,  0,  0,  0,  1,  0, -1]], dtype=torch.int8), [0.0, 0.18461538461538463, 0.18461538461538463, 0.16923076923076924, 0.15384615384615385, 0.15384615384615385, 0.15384615384615385], -1)

(tensor([[-1,  0,  0,  0,  0,  0,  0],
        [ 1,  0,  0,  0,  0,  0,  0],
        [-1,  0,  0,  0,  0,  0,  0],
        [ 1,  0,  0,  0,  0,  0,  0],
        [-1,  0,  0,  0,  0,  0,  0],
        [ 1,  0,  0,  1,  1,  0, -1]], dtype=torch.int8), [0.0, 0.16666666666666666, 0.16666666666666666, 0.16666666666666666, 0.16666666666666666, 0.16666666666666666, 0.16666666666666666], 1)

(tensor([[-1,  0,  0,  0,  0,  0,  0],
        [ 1,  0,  0,  0,  0,  0,  0],
        [-1,  0,  0,  0,  0,  0,  0],
        [ 1,  0,  0,  0,  0,  0,  0],
        [-1,  0,  0,  0,  0,  0,  0],
        [ 1, -1,  0,  1,  1,  0, -1]], dtype=torch.int8), [0.0, 0.1694915254237288, 0.1694915254237288, 0.1694915254237288, 0.1694915254237288, 0.1694915254237288, 0.15254237288135594], -1)

(tensor([[-1,  0,  0,  0,  0,  0,  0],
        [ 1,  0,  0,  0,  0,  0,  0],
        [-1,  0,  0,  0,  0,  0,  0],
        [ 1,  0,  0,  0,  0,  0,  0],
        [-1,  0,  0,  0,  0,  0,  1],
        [ 1, -1,  0,  1,  1,  0, -1]], dtype=torch.int8), [0.0, 0.1724137931034483, 0.1724137931034483, 0.1724137931034483, 0.1724137931034483, 0.1724137931034483, 0.13793103448275862], 1)

(tensor([[-1,  0,  0,  0,  0,  0,  0],
        [ 1,  0,  0,  0,  0,  0,  0],
        [-1,  0,  0,  0,  0,  0,  0],
        [ 1,  0,  0,  0,  0,  0, -1],
        [-1,  0,  0,  0,  0,  0,  1],
        [ 1, -1,  0,  1,  1,  0, -1]], dtype=torch.int8), [0.0, 0.17543859649122806, 0.17543859649122806, 0.17543859649122806, 0.17543859649122806, 0.15789473684210525, 0.14035087719298245], -1)

(tensor([[-1,  0,  0,  0,  0,  0,  0],
        [ 1,  0,  0,  0,  0,  0,  0],
        [-1,  0,  0,  0,  0,  0,  0],
        [ 1,  0,  0,  0,  0,  0, -1],
        [-1,  0,  0,  0,  0,  0,  1],
        [ 1, -1,  0,  1,  1,  1, -1]], dtype=torch.int8), [0.0, 0.1896551724137931, 0.10344827586206896, 0.1896551724137931, 0.1896551724137931, 0.1724137931034483, 0.15517241379310345], 1)

(tensor([[-1,  0,  0,  0,  0,  0,  0],
        [ 1,  0,  0,  0,  0,  0,  0],
        [-1,  0,  0,  0,  0,  0,  0],
        [ 1,  0,  0,  0,  0,  0, -1],
        [-1,  0,  0,  0,  0, -1,  1],
        [ 1, -1,  0,  1,  1,  1, -1]], dtype=torch.int8), [0.0, 0.2033898305084746, 0.01694915254237288, 0.2033898305084746, 0.2033898305084746, 0.2033898305084746, 0.1694915254237288], -1)

(tensor([[-1,  0,  0,  0,  0,  0,  0],
        [ 1,  0,  0,  0,  0,  0,  0],
        [-1,  0,  0,  0,  0,  0,  1],
        [ 1,  0,  0,  0,  0,  0, -1],
        [-1,  0,  0,  0,  0, -1,  1],
        [ 1, -1,  0,  1,  1,  1, -1]], dtype=torch.int8), [0.0, 0.1864406779661017, 0.1016949152542373, 0.1864406779661017, 0.1864406779661017, 0.1864406779661017, 0.15254237288135594], 1)

(tensor([[-1,  0,  0,  0,  0,  0,  0],
        [ 1,  0,  0,  0,  0,  0, -1],
        [-1,  0,  0,  0,  0,  0,  1],
        [ 1,  0,  0,  0,  0,  0, -1],
        [-1,  0,  0,  0,  0, -1,  1],
        [ 1, -1,  0,  1,  1,  1, -1]], dtype=torch.int8), [0.0, 0.20689655172413793, 0.017241379310344827, 0.20689655172413793, 0.20689655172413793, 0.1896551724137931, 0.1724137931034483], -1)

(tensor([[-1,  0,  0,  0,  0,  0,  0],
        [ 1,  0,  0,  0,  0,  0, -1],
        [-1,  0,  0,  0,  0,  0,  1],
        [ 1,  0,  0,  0,  0,  1, -1],
        [-1,  0,  0,  0,  0, -1,  1],
        [ 1, -1,  0,  1,  1,  1, -1]], dtype=torch.int8), [0.0, 0.2, 0.06666666666666667, 0.2, 0.13333333333333333, 0.2, 0.2], 1)

(tensor([[-1,  0,  0,  0,  0,  0,  0],
        [ 1,  0,  0,  0,  0,  0, -1],
        [-1,  0,  0,  0,  0,  0,  1],
        [ 1,  0,  0,  0,  0,  1, -1],
        [-1,  0,  0,  0, -1, -1,  1],
        [ 1, -1,  0,  1,  1,  1, -1]], dtype=torch.int8), [0.0, 0.21052631578947367, 0.017543859649122806, 0.21052631578947367, 0.21052631578947367, 0.17543859649122806, 0.17543859649122806], -1)

(tensor([[-1,  0,  0,  0,  0,  0,  0],
        [ 1,  0,  0,  0,  0,  0, -1],
        [-1,  0,  0,  0,  0,  1,  1],
        [ 1,  0,  0,  0,  0,  1, -1],
        [-1,  0,  0,  0, -1, -1,  1],
        [ 1, -1,  0,  1,  1,  1, -1]], dtype=torch.int8), [0.0, 0.1864406779661017, 0.1016949152542373, 0.1864406779661017, 0.1864406779661017, 0.1864406779661017, 0.15254237288135594], 1)

(tensor([[-1,  0,  0,  0,  0,  0, -1],
        [ 1,  0,  0,  0,  0,  0, -1],
        [-1,  0,  0,  0,  0,  1,  1],
        [ 1,  0,  0,  0,  0,  1, -1],
        [-1,  0,  0,  0, -1, -1,  1],
        [ 1, -1,  0,  1,  1,  1, -1]], dtype=torch.int8), [0.0, 0.25862068965517243, 0.017241379310344827, 0.25862068965517243, 0.2413793103448276, 0.22413793103448276, 0.0], -1)

(tensor([[-1,  0,  0,  0,  0,  0, -1],
        [ 1,  0,  0,  0,  0,  0, -1],
        [-1,  0,  0,  0,  0,  1,  1],
        [ 1,  0,  0,  0,  1,  1, -1],
        [-1,  0,  0,  0, -1, -1,  1],
        [ 1, -1,  0,  1,  1,  1, -1]], dtype=torch.int8), [0.0, 0.23809523809523808, 0.12698412698412698, 0.2222222222222222, 0.20634920634920634, 0.20634920634920634, 0.0], 1)

(tensor([[-1,  0,  0,  0,  0,  0, -1],
        [ 1,  0,  0,  0,  0,  0, -1],
        [-1,  0,  0,  0,  0,  1,  1],
        [ 1,  0,  0,  0,  1,  1, -1],
        [-1,  0,  0, -1, -1, -1,  1],
        [ 1, -1,  0,  1,  1,  1, -1]], dtype=torch.int8), [0.0, 0.2698412698412698, 0.015873015873015872, 0.23809523809523808, 0.23809523809523808, 0.23809523809523808, 0.0], -1)

(tensor([[-1,  0,  0,  0,  0,  0, -1],
        [ 1,  0,  0,  0,  0,  0, -1],
        [-1,  0,  0,  0,  0,  1,  1],
        [ 1,  0,  0,  1,  1,  1, -1],
        [-1,  0,  0, -1, -1, -1,  1],
        [ 1, -1,  0,  1,  1,  1, -1]], dtype=torch.int8), [0.0, 0.234375, 0.125, 0.234375, 0.203125, 0.203125, 0.0], 1)

(tensor([[-1,  0,  0,  0,  0,  0, -1],
        [ 1,  0,  0,  0,  0,  0, -1],
        [-1,  0,  0,  0, -1,  1,  1],
        [ 1,  0,  0,  1,  1,  1, -1],
        [-1,  0,  0, -1, -1, -1,  1],
        [ 1, -1,  0,  1,  1,  1, -1]], dtype=torch.int8), [0.0, 0.25806451612903225, 0.016129032258064516, 0.24193548387096775, 0.24193548387096775, 0.24193548387096775, 0.0], -1)

(tensor([[-1,  0,  0,  0,  0,  0, -1],
        [ 1,  0,  0,  0,  0,  0, -1],
        [-1,  0,  0,  0, -1,  1,  1],
        [ 1,  0,  0,  1,  1,  1, -1],
        [-1,  1,  0, -1, -1, -1,  1],
        [ 1, -1,  0,  1,  1,  1, -1]], dtype=torch.int8), [0.0, 0.23076923076923078, 0.12307692307692308, 0.23076923076923078, 0.2153846153846154, 0.2, 0.0], 1)

(tensor([[-1,  0,  0,  0,  0,  0, -1],
        [ 1,  0,  0,  0, -1,  0, -1],
        [-1,  0,  0,  0, -1,  1,  1],
        [ 1,  0,  0,  1,  1,  1, -1],
        [-1,  1,  0, -1, -1, -1,  1],
        [ 1, -1,  0,  1,  1,  1, -1]], dtype=torch.int8), [0.0, 0.2698412698412698, 0.015873015873015872, 0.23809523809523808, 0.23809523809523808, 0.23809523809523808, 0.0], -1)

(tensor([[-1,  0,  0,  0,  0,  0, -1],
        [ 1,  0,  0,  0, -1,  0, -1],
        [-1,  0,  0,  1, -1,  1,  1],
        [ 1,  0,  0,  1,  1,  1, -1],
        [-1,  1,  0, -1, -1, -1,  1],
        [ 1, -1,  0,  1,  1,  1, -1]], dtype=torch.int8), [0.0, 0.234375, 0.125, 0.234375, 0.203125, 0.203125, 0.0], 1)

(tensor([[-1,  0,  0,  0, -1,  0, -1],
        [ 1,  0,  0,  0, -1,  0, -1],
        [-1,  0,  0,  1, -1,  1,  1],
        [ 1,  0,  0,  1,  1,  1, -1],
        [-1,  1,  0, -1, -1, -1,  1],
        [ 1, -1,  0,  1,  1,  1, -1]], dtype=torch.int8), [0.0, 0.3709677419354839, 0.016129032258064516, 0.27419354838709675, 0.0, 0.3387096774193548, 0.0], -1)

(tensor([[-1,  0,  0,  0, -1,  0, -1],
        [ 1,  0,  0,  1, -1,  0, -1],
        [-1,  0,  0,  1, -1,  1,  1],
        [ 1,  0,  0,  1,  1,  1, -1],
        [-1,  1,  0, -1, -1, -1,  1],
        [ 1, -1,  0,  1,  1,  1, -1]], dtype=torch.int8), [0.0, 0.3333333333333333, 0.15151515151515152, 0.21212121212121213, 0.0, 0.30303030303030304, 0.0], 1)

(tensor([[-1,  0,  0,  0, -1,  0, -1],
        [ 1,  0,  0,  1, -1, -1, -1],
        [-1,  0,  0,  1, -1,  1,  1],
        [ 1,  0,  0,  1,  1,  1, -1],
        [-1,  1,  0, -1, -1, -1,  1],
        [ 1, -1,  0,  1,  1,  1, -1]], dtype=torch.int8), [0.0, 0.5217391304347826, 0.028985507246376812, 0.028985507246376812, 0.0, 0.42028985507246375, 0.0], -1)

(tensor([[-1,  0,  0,  0, -1,  0, -1],
        [ 1,  0,  0,  1, -1, -1, -1],
        [-1,  0,  0,  1, -1,  1,  1],
        [ 1,  1,  0,  1,  1,  1, -1],
        [-1,  1,  0, -1, -1, -1,  1],
        [ 1, -1,  0,  1,  1,  1, -1]], dtype=torch.int8), [0.0, 0.6, 0.10588235294117647, 0.10588235294117647, 0.0, 0.18823529411764706, 0.0], 1)

(tensor([[-1,  0,  0,  0, -1,  0, -1],
        [ 1,  0,  0,  1, -1, -1, -1],
        [-1, -1,  0,  1, -1,  1,  1],
        [ 1,  1,  0,  1,  1,  1, -1],
        [-1,  1,  0, -1, -1, -1,  1],
        [ 1, -1,  0,  1,  1,  1, -1]], dtype=torch.int8), [0.0, 0.46, 0.07, 0.07, 0.0, 0.4, 0.0], -1)

(tensor([[-1,  0,  0,  0, -1,  0, -1],
        [ 1,  1,  0,  1, -1, -1, -1],
        [-1, -1,  0,  1, -1,  1,  1],
        [ 1,  1,  0,  1,  1,  1, -1],
        [-1,  1,  0, -1, -1, -1,  1],
        [ 1, -1,  0,  1,  1,  1, -1]], dtype=torch.int8), [0.0, 0.9368421052631579, 0.021052631578947368, 0.021052631578947368, 0.0, 0.021052631578947368, 0.0], 1)

(tensor([[-1, -1,  0,  0, -1,  0, -1],
        [ 1,  1,  0,  1, -1, -1, -1],
        [-1, -1,  0,  1, -1,  1,  1],
        [ 1,  1,  0,  1,  1,  1, -1],
        [-1,  1,  0, -1, -1, -1,  1],
        [ 1, -1,  0,  1,  1,  1, -1]], dtype=torch.int8), [0.0, 0.0, 0.21739130434782608, 0.21739130434782608, 0.0, 0.5652173913043478, 0.0], -1)

(tensor([[-1, -1,  0,  0, -1,  0, -1],
        [ 1,  1,  0,  1, -1, -1, -1],
        [-1, -1,  0,  1, -1,  1,  1],
        [ 1,  1,  0,  1,  1,  1, -1],
        [-1,  1,  0, -1, -1, -1,  1],
        [ 1, -1,  1,  1,  1,  1, -1]], dtype=torch.int8), [0.0, 0.0, 0.0, 0.0, 0.0, 0.0, 0.0], 1)

